
x -.5 -.5 -.5 .5 -.5 .5 .5 .5 .5 .5 .5 -.5 .5 -.5 -.5 -.5
A -.2 -.2 -.2 .2 -.2 .2 -.1 .4 -.1 .4 .1 .4 .1 .4 .2 .2 .2 .2 .2 -.2 -.2 .1 .2 .1
B -.2 -.2 -.2 .4 -.2 .4 .1 .4 .1 .4 .2 .3 .2 .3 .2 .2 .2 .2 .1 .1 .1 .1 .2 0 .2 0 .2 -.1 .2 -.1 .1 -.2 .1 -.2 -.2 -.2 -.2 .1 .1 .1
C .2 -.1 .1 -.2 .1 -.2 -.1 -.2 -.1 -.2 -.2 -.1 -.2 -.1 -.2 .3 -.2 .3 -.1 .4 -.1 .4 .1 .4 .1 .4 .2 .3
D -.2 -.2 -.2 .4 -.2 .4 .1 .4 .1 .4 .2 .3 .2 .3 .2 -.1 .2 -.1 .1 -.2 .1 -.2 -.2 -.2
E -.2 -.2 -.2 .4 -.2 .4 .2 .4 -.2 .1 .2 .1 -.2 -.2 .2 -.2
F -.2 -.2 -.2 .4 -.2 .4 .2 .4 -.2 .1 .1 .1
G 0 .1 .2 .1 .2 .1 .2 -.1 .2 -.1 .1 -.2 .1 -.2 -.1 -.2 -.1 -.2 -.2 -.1 -.2 -.1 -.2 .3 -.2 .3 -.1 .4 -.1 .4 .1 .4 .1 .4 .2 .3
H -.2 -.2 -.2 .4 .2 -.2 .2 .4 -.2 .1 .2 .1
I -.2 -.2 .2 -.2 -.2 .4 .2 .4 0 .4 0 -.2
J -.2 .4 .2 .4 .1 .4 .1 -.1 .1 -.1 0 -.2 0 -.2 -.1 -.2 -.1 -.2 -.2 -.1
K -.2 -.2 -.2 .4 -.2 .1 .1 .1 .1 .1 .2 -.2 .1 .1 .2 .4
L -.2 -.2 -.2 .4 -.2 -.2 .2 -.2
M -.2 -.2 -.2 .4 -.2 .4 0 .1 0 .1 .2 .4 .2 .4 .2 -.2
N -.2 -.2 -.2 .4 -.2 .4 .2 -.2 .2 -.2 .2 .4
O -.2 -.1 -.2 .3 -.2 .3 -.1 .4 -.1 .4 .1 .4 .1 .4 .2 .3 .2 .3 .2 -.1 .2 -.1 .1 -.2 .1 -.2 -.1 -.2 -.1 -.2 -.2 -.1
P -.2 -.2 -.2 .4 -.2 .4 .1 .4 .1 .4 .2 .3 .2 .3 .2 .2 .2 .2 .1 .1 .1 .1 -.2 .1
Q -.2 -.1 -.2 .3 -.2 .3 -.1 .4 -.1 .4 .1 .4 .1 .4 .2 .3 .2 .3 .2 -.1 .2 -.1 .1 -.2 .1 -.2 -.1 -.2 -.1 -.2 -.2 -.1 0 0 .3 -.3
R -.2 -.2 -.2 .4 -.2 .4 .1 .4 .1 .4 .2 .3 .2 .3 .2 .2 .2 .2 .1 .1 .1 .1 -.2 .1 .1 .1 .2 -.2
S -.2 -.1 -.1 -.2 -.1 -.2 .1 -.2 .1 -.2 .2 -.1 .2 -.1 .2 0 .2 0 .1 .1 .1 .1 -.1 .1 -.1 .1 -.2 .2 -.2 .2 -.2 .3 -.2 .3 -.1 .4 -.1 .4 .1 .4 .1 .4 .2 .3
T 0 -.2 0 .4 -.2 .4 .2 .4
U -.2 .4 -.2 -.1 -.2 -.1 -.1 -.2 -.1 -.2 .1 -.2 .1 -.2 .2 -.1 .2 -.1 .2 .4
V -.2 .4 0 -.2 0 -.2 .2 .4
W -.2 .4 -.2 0 -.2 0 -.1 -.2 -.1 -.2 0 0 0 0 .1 -.2 .1 -.2 .2 0 .2 0 .2 .4
X -.2 .4 .2 -.2 -.2 -.2 .2 .4
Y -.2 .4 0 .1 .2 .4 0 .1 0 .1 0 -.2
Z -.2 .4 .2 .4 .2 .4 -.2 -.2 -.2 -.2 .2 -.2
0 -.2 -.2 -.2 .3 -.2 -.2 .1 -.2 .2 .4 .2 -.1 .2 .4 -.1 .4 .1 -.2 .2 -.1 -.2 .3 -.1 .4 -.2 -.2 .2 .4
1 -.2 -.2 .2 -.2 0 -.2 0 .4 0 .4 -.2 .2
2 -.2 .3 -.1 .4 -.1 .4 .1 .4 .1 .4 .2 .3 .2 .3 .2 .2 .2 .2 -.2 -.2 -.2 -.2 .2 -.2
3 -.2 .3 -.1 .4 -.1 .4 .1 .4 .1 .4 .2 .3 .2 .3 .2 .2 -.2 -.1 -.1 -.2 -.1 -.2 .1 -.2 .1 -.2 .2 -.1 .2 -.1 .2 0 0 .1 .1 .1 .1 .1 .2 .2 .1 .1 .2 0
4 .1 -.2 .1 .4 .1 .3 -.2 .1 -.2 .1 .2 .1
5 .2 .4 -.2 .4 -.2 .1 .1 .1 .1 .1 .2 0 .2 0 .2 -.1 .2 -.1 .1 -.2 .1 -.2 -.1 -.2 -.1 -.2 -.2 -.1 -.2 .4 -.2 .1
6 -.2 -.1 -.2 .3 -.2 .3 -.1 .4 -.1 .4 .1 .4 .1 .4 .2 .3 .2 -.1 .1 -.2 .1 -.2 -.1 -.2 -.1 -.2 -.2 -.1 .2 -.1 .2 0 .2 0 .1 .1 .1 .1 -.2 .1
7 -.2 .4 .2 .4 .2 .4 -.1 -.2
8 -.2 -.1 -.1 -.2 -.1 -.2 .1 -.2 .1 -.2 .2 -.1 .2 -.1 .2 0 .2 0 .1 .1 .1 .1 -.1 .1 -.1 .1 -.2 .2 -.2 .2 -.2 .3 -.2 .3 -.1 .4 -.1 .4 .1 .4 .1 .4 .2 .3 -.2 -.1 -.2 0 -.2 0 -.1 .1 .2 .3 .2 .2 .2 .2 .1 .1
9 .2 -.2 .2 .3 .2 .3 .1 .4 .1 .4 -.1 .4 -.1 .4 -.2 .3 -.2 .3 -.2 .2 -.2 .2 -.1 .1 -.1 .1 .2 .1
